10
5
5
25
489249628.695652 318673475.652174 413892184.782609 702882177.391304 383883598.695652 
498770508.260870 42288437.826087 548913827.391304 290371344.347826 826753304.782609 
422703847.391304 758466471.739130 392852154.347826 15945662.608696 95058976.086957 
76564251.304348 275181115.217391 707514413.478261 558713474.782609 692076076.521739 
266617140.869565 272682228.695652 365521453.478261 236661233.043478 194421386.521739 
506860506.956522 747596366.521739 845524466.086957 437601671.739130 284954134.782609 
167862797.391304 926851300.434783 603627610.434783 581754982.173913 696044935.217391 
53822666.521739 146836948.260870 738333373.043478 602736493.913043 437208292.608696 
631398135.217391 91751798.695652 261986222.173913 90561747.391304 107697461.304348 
357045198.260870 167125998.695652 382878576.956522 130871069.130435 725839473.478261 
141266110.869565 397488210.000000 64833160.000000 506787564.347826 634149443.043478 259254546.521739 79959528.695652 448057266.956522 171090470.000000 517561200.434783 733011401.739130 338953267.826087 510723958.260870 402950469.565217 920708250.000000 273080350.869565 456773136.521739 133856655.652174 77725181.739130 125821087.826087 571064948.695652 709123316.956522 217572886.956522 833051170.869565 799685064.347826 
325270348.260870 256407826.521739 33122520.869565 708148925.217391 387278896.086957 758961994.347826 849415036.521739 784767106.086957 823795154.347826 422514058.260870 485228006.956522 149361158.260870 502473587.391304 933285273.913043 320451628.695652 86346245.217391 732608133.478261 659404896.521739 597070203.913043 201870060.434783 646424603.913043 870150554.782609 658643196.956522 780281260.000000 14187193.913043 
784464285.217391 417657666.086957 723310511.304348 68348629.565217 317020294.347826 589307033.043478 393618977.826087 573428120.869565 622429553.913043 168079360.869565 27018474.347826 447703006.086957 83805854.782609 811785580.869565 337809617.826087 506319913.043478 363325045.217391 487170776.521739 75104957.826087 362921776.521739 807622405.217391 161451203.478261 161841367.391304 533338759.130435 758521407.391304 
363711428.260870 246074820.434783 694983419.565217 88666082.608696 92667537.826087 709170613.913043 873130367.826087 510325203.913043 498792582.608696 7790454.782609 827345498.260870 154411073.043478 401409433.043478 467085076.956522 776840627.391304 569488793.913043 494103551.304348 290855090.869565 653294648.695652 372200589.565217 628664708.695652 225926019.130435 735525634.782609 182146942.608696 301030977.391304 
164758869.130435 56080805.217391 462482180.869565 326600236.521739 589419564.347826 287315045.652174 690311664.782609 835494385.217391 48609922.608696 778977747.826087 928161923.043478 757780536.521739 718419573.043478 504798584.782609 322884576.521739 726210028.260870 398455540.434783 477295650.000000 193930918.695652 865540617.391304 320447734.782609 763419712.608696 425955626.521739 611302825.652174 483025818.695652 
